Species	M	L	T	N	R
Alnus.glutinosa	7.171384534	5.223968931	4.233473665	5.869831352	5.705406018
Bilderdykia.convolvulus	4.00406499	7.057278923	4.57788456	5.628914429	6.196869625
Calamagrostis.canescens	7.092427791	5.946029374	3.738396927	5.107457654	5.374772021
Carex.elongata	7.283282191	3.992404896	3.938946808	5.880245269	6.446884044
Fraxinus.excelsior	5.147315149	4.523195487	4.260892923	6.980345337	7.190140524
Impatiens.parviflora	4.62406082	3.570683628	4.464072673	6.928979601	6.127607463
Myosoton.aquaticum	6.303925215	6.163044832	4.039576852	7.842467606	6.471919446
Phragmites.australis	7.4768798	6.981272033	4.304147843	6.331488452	6.776834177
Ribes.nigrum	6.623643763	3.616748675	3.828451933	5.812488855	5.55581722
Ribes.spicatum	6.038955744	3.607942524	3.569730523	6.973767432	6.534396131
Rubus.idaeus	4.703843645	6.057149602	3.717045073	6.693849624	5.549838994
Sambucus.nigra	4.819785828	5.91604539	4.36264798	8.579684125	6.284831939
Sorbus.aucuparia	4.789459713	5.681489504	3.836686972	3.9200855	4.152753332
Thelypteris.palustris	6.966321632	5.06567054	4.157335392	5.251805408	5.417704375
Ulmus.laevis	6.09877195	3.959573495	4.456942387	7.30247658	6.912257692
Urtica.dioica	5.01366738	5.416376879	4.054575169	8.740946003	6.614087083
Carex.elata	7.76729829	7.22438786	4.161674865	4.670989855	5.998192895
Acer.pseudoplatanus	5.052250589	3.798876374	4.162479102	6.891850372	5.919568757
Athyrium.filix.femina	5.576756747	2.788738622	3.992439985	5.732821619	5.043348466
Carex.paniculata	7.332109283	6.618155296	4.082781554	4.722465078	6.979583984
Deschampsia.caespitosa	5.892609489	6.087201424	3.639460907	3.85766272	5.163413907
Equisetum.sylvaticum	5.739229388	2.941825257	2.994638157	4.183860812	3.953190114
Galium.aparine	4.625990148	6.145360419	4.472060355	8.498615337	5.953818806
Galium.palustre	7.180026265	6.097396814	3.839188854	4.354121526	5.515549914
Impatiens.noli.tangere	5.779181567	3.220484011	3.987918321	6.767155538	6.772936996
Peucedanum.palustre	7.10919876	6.561715452	4.163105757	4.194094038	5.447692582
Prunus.padus	5.980409887	5.074963088	3.684631427	6.100887158	6.642912132
Quercus.robur	4.802554149	6.241076731	4.686014864	4.486143044	5.221696527
Scutellaria.galericulata	7.055394693	6.505354953	4.129819715	6.048589996	6.489737679
Calamagrostis.epigeios	4.441392632	6.704505212	3.974273951	6.021250498	5.941901794
Carduus.crispus	4.995405071	6.824404233	4.26942755	8.920253666	6.828536269
Cirsium.arvense	4.267631765	7.754875517	4.117642794	6.897855033	5.967269619
Cirsium.palustre	6.403707329	6.84174266	3.909602016	3.88276472	4.348987924
Frangula.alnus	5.895742775	5.562556036	4.465699096	3.547304414	4.145798574
Iris.pseudacorus	7.511572368	6.383350017	4.518473537	7.146534511	6.132000225
Lycopus.europaeus	7.245520037	6.320021801	4.678713045	6.613352392	6.420517705
Dryopteris.dilatata	5.259936318	3.175666101	3.712281676	6.39359919	4.057716816
Agrostis.stolonifera	5.845937199	7.623231629	4.166301076	5.276664343	6.016369435
Carex.acutiformis	7.381950473	6.627102266	4.213074342	5.520344682	7.08435285
Eupatorium.cannabinum	5.991652117	6.242913565	4.248839677	7.415342232	6.904128574
Humulus.lupulus	6.106011398	5.8428538	4.590381682	7.946080516	6.437567337
Lythrum.salicaria	6.728866642	6.71073687	4.06720886	5.041317359	6.025421327
Moehringia.trinervia	4.642532295	3.250916897	3.9021382	6.496413684	5.699653466
Stachys.sylvatica	5.584531936	3.696526109	4.042652058	7.327204138	6.788843847
Viola.reichenbachiana	4.529325673	3.428703845	4.220355187	5.549635019	6.384441891
Bidens.frondosa	6.751078829	7.051459643	5.078252145	8.021276793	6.548775715
Glyceria.fluitans	7.567601459	6.523466324	3.942754665	6.081187788	5.841115045
Oenanthe.aquatica	8.113041466	6.621161577	4.389016827	6.383720606	6.727149971
Polygonum.hydropiper	6.646798988	6.748654107	4.272725641	6.641968736	5.230505066
Cirsium.vulgare	4.214238152	7.769352132	4.22975729	7.467110972	6.440071717
Galeopsis.tetrahit	4.447150287	6.267637182	3.711249551	6.91929931	5.327892582
Betula.pendula	4.445676787	6.840880712	3.435993688	3.641274812	4.384956498
Festuca.gigantea	5.69587439	3.705484339	4.247316584	6.369815849	6.040895417
Geum.urbanum	4.683587038	4.020979214	4.196711011	7.359583805	6.629358414
Lychnis.flos.cuculi	5.948297976	7.083785093	3.874750774	4.786322637	5.621962068
Poa.trivialis	5.706355739	5.959835451	4.073501397	6.862812557	5.913367878
Salix.cinerea	6.950537109	6.910484131	4.048049298	4.485175866	5.344810927
Solanum.dulcamara	6.497674451	6.036737253	4.201531454	7.710655708	6.322480751
Sparganium.erectum	8.083191615	7.417387146	4.562851163	7.134354766	6.130984258
Stellaria.media	4.485983253	6.147560172	4.105760995	7.622769652	6.266425302
Dryopteris.carthusiana	5.442814527	4.074238507	3.660865866	3.504322058	3.801282755
Galeopsis.pubescens	4.54965042	6.41436386	3.935485518	6.327928846	5.585824423
Rubus.caesius	5.422804252	6.097840568	4.340704398	7.252900547	7.166264854
Rorippa.amphibia	7.851206769	6.867473973	4.408710304	7.846075181	6.989670569
Equisetum.palustre	6.508135597	6.780902658	3.406570077	3.269173778	5.511398259
Milium.effusum	4.84015292	3.22285728	3.840027129	5.716963595	5.395613132
Molinia.caerulea	6.019452288	6.815949078	4.015660317	2.125764276	5.131506255
Calamagrostis.arundinacea	4.448029433	4.923123627	3.64711123	4.56761306	3.95011046
Polygonatum.multiflorum	4.542068223	2.479036037	4.22795804	5.227217957	6.223883159
Agrostis.capillaris	4.205567083	6.743517014	3.835217206	3.598224493	3.566308267
Agrostis.canina	6.515064597	7.671899251	3.680916397	2.009086436	3.027746388
Carex.pseudocyperus	7.625995779	6.630932517	4.527865452	5.391758727	6.40689653
Hottonia.palustris	8.718185491	6.332155298	4.593484642	4.68957036	5.513544923
Hydrocharis.morsus.ranae	8.881144021	7.033312656	4.658546192	6.884100403	6.644773367
Lemna.minor	8.725762081	6.714600603	4.198247231	5.639422105	6.203445008
Lemna.trisulca	8.897729089	6.858247245	4.367623959	5.692997313	6.922186956
Lysimachia.vulgaris	6.608011051	6.107946163	4.04300089	5.404249527	5.891627238
Lysimachia.thyrsiflora	7.270552712	6.469626389	3.752623882	3.587836351	4.710440884
Stellaria.nemorum	5.762211347	3.11202054	3.47107348	7.064871444	5.191099037
Juncus.effusus	6.24225871	6.883084216	4.216618168	4.207724493	4.089553611
Rumex.hydrolapathum	7.887189421	6.751759356	4.802402017	7.347272575	7.009693668
Stratiotes.aloides	8.857967768	6.967202489	4.576487907	6.634208721	6.975333475
Bidens.cernua	7.091488481	8.046015892	4.46790258	8.878085154	6.58183943
Calla.palustris	7.43532494	5.578096437	3.841657749	4.169902762	5.578918512
Carex.ovalis	NA	NA	NA	NA	NA
Carpinus.betulus	4.574588929	3.652233708	4.693994038	5.340294401	5.623407547
Circaea.lutetiana	5.369529635	3.123017901	4.246360808	7.121871082	6.911006871
Maianthemum.bifolium	4.574952327	2.54696291	3.634045845	3.180158543	3.606977637
Ranunculus.repens	6.024896627	5.806269934	3.718184306	6.212432803	5.907357621
Rhamnus.catharticus	3.78431611	6.176783163	4.104512995	4.044116265	7.595226268
Ulmus.minor	4.910046231	5.145646928	5.2513817	6.223977234	7.627019184
Erechtites.hieracifolia	NA	NA	NA	NA	NA
Rorippa.islandica	7.222370147	7.657084711	2.665041872	6.011002345	5.44454741
Glyceria.maxima	7.935569132	8.00464298	4.12858956	8.567035942	7.622809433
Mentha.aquatica	7.260105724	6.520166843	4.404058457	5.224667649	6.542201937
Picea.abies	4.976672302	4.36253698	2.517982457	4.311588576	4.243331434
Typha.latifolia	7.977738932	7.774474855	4.482052483	7.796363183	6.720904773
Carex.riparia	7.455056039	6.752349926	4.671255349	5.402483653	7.064916239
Spirodela.polyrhiza	8.907252286	6.882045467	4.796007942	6.893435328	6.295602211
